7.024250030999999694e+01 2.189244508999999894e+00
7.007640838999999744e+01 2.195334673000000070e+00
6.991163634999999488e+01 2.201612234000000168e+00
6.977078247000000033e+01 2.207360267999999959e+00
6.974815368999999521e+01 2.208286047000000085e+00
6.958594512999999893e+01 2.215383291000000199e+00
6.942500305000000083e+01 2.222818135999999889e+00
6.926529693999999893e+01 2.230513096000000139e+00
6.910678864000000488e+01 2.238386869000000168e+00
6.909999847000000273e+01 2.238730431000000021e+00
6.894947815000000446e+01 2.246373177000000165e+00
6.879333495999999570e+01 2.254363774999999848e+00
6.863833617999999603e+01 2.262270211999999781e+00
6.848446654999999339e+01 2.270020961999999809e+00
6.841704559000000074e+01 2.273344040000000010e+00
6.833170318999999893e+01 2.277562856999999941e+00
6.818003081999999893e+01 2.284843444999999917e+00
6.802943419999999719e+01 2.291817188000000005e+00
6.787988280999999802e+01 2.298454285000000041e+00
6.773136139000000355e+01 2.304743052000000070e+00
6.772113799999999628e+01 2.305153847000000145e+00
6.758385468000000174e+01 2.310693501999999899e+00
6.743734741000000099e+01 2.316292048000000214e+00
6.729182434000000512e+01 2.321547746999999884e+00
6.714727019999999413e+01 2.326473236000000000e+00
6.701107025000000306e+01 2.330851555000000186e+00
6.700365447999999446e+01 2.331091403999999923e+00
6.686097716999999818e+01 2.335442066000000150e+00
6.671922302000000116e+01 2.339531421999999861e+00
6.657837677000000554e+01 2.343385695999999907e+00
6.643842315999999926e+01 2.347030162999999892e+00
6.629933929000000603e+01 2.350490332000000127e+00
6.628571320000000355e+01 2.350815295999999943e+00
6.616112517999999909e+01 2.353808641000000090e+00
6.602376556000000107e+01 2.356991767999999876e+00
6.588725281000000678e+01 2.360057591999999982e+00
6.575154876999999942e+01 2.363024712000000083e+00
6.561667633000000421e+01 2.365908383999999920e+00
6.554398346000000686e+01 2.367432833000000070e+00
6.548259735000000603e+01 2.368730545000000021e+00
6.534931946000000380e+01 2.371503829999999979e+00
6.521681976000000702e+01 2.374225378000000219e+00
6.508509064000000421e+01 2.376900433999999951e+00
6.495410918999999694e+01 2.379532337000000108e+00
6.482387543000000107e+01 2.382121800999999817e+00
6.478479004000000430e+01 2.382889748000000196e+00
6.469438934000000074e+01 2.384681463000000168e+00
6.456563567999999975e+01 2.387202500999999977e+00
6.443759154999999339e+01 2.389674664000000170e+00
6.431025696000000380e+01 2.392093657999999845e+00
6.418360137999999893e+01 2.394454001999999804e+00
6.405764007999999876e+01 2.396749495999999979e+00
6.400697327000000314e+01 2.397648096000000173e+00
6.393236541999999645e+01 2.398984671000000013e+00
6.380776215000000207e+01 2.401149034999999987e+00
6.368381881999999905e+01 2.403228520999999951e+00
6.356051636000000116e+01 2.405216693999999933e+00
6.343785477000000128e+01 2.407107592000000018e+00
6.331581496999999814e+01 2.408895493000000165e+00
6.320906829999999843e+01 2.410372018999999977e+00
6.319440459999999860e+01 2.410577297000000119e+00
6.307362366000000264e+01 2.412162066000000049e+00
6.295344543000000215e+01 2.413630962000000046e+00
6.283386612000000326e+01 2.414980888000000103e+00
6.271487044999999938e+01 2.416209697999999850e+00
6.259645462000000293e+01 2.417316437000000207e+00
6.247860336000000103e+01 2.418299675000000093e+00
6.238933182000000244e+01 2.418953896000000103e+00
6.236133193999999946e+01 2.419163941999999956e+00
6.224463271999999847e+01 2.419918060000000093e+00
6.212848282000000211e+01 2.420550346000000186e+00
6.201287460000000351e+01 2.421062946000000160e+00
6.189779663000000198e+01 2.421457052000000054e+00
6.178325272000000012e+01 2.421734332999999850e+00
6.166923141000000186e+01 2.421897173000000070e+00
6.155571746999999760e+01 2.421946286999999920e+00
6.154578018000000128e+01 2.421940804000000114e+00
6.144274520999999822e+01 2.421898126999999956e+00
6.133027266999999938e+01 2.421740769999999987e+00
6.121829987000000273e+01 2.421473741999999874e+00
6.110681533999999715e+01 2.421096325000000160e+00
6.099581145999999876e+01 2.420608521000000124e+00
6.088528824000000128e+01 2.420007943999999966e+00
6.077523422000000153e+01 2.419291496000000041e+00
6.067621230999999682e+01 2.418536662999999809e+00
6.066565322999999665e+01 2.418457747000000158e+00
6.055655670000000157e+01 2.417512177999999956e+00
6.044792174999999901e+01 2.416434526000000194e+00
6.033972931000000273e+01 2.415216683999999780e+00
6.023199080999999921e+01 2.413850545999999930e+00
6.012468719000000306e+01 2.412325620999999920e+00
6.001782227000000347e+01 2.410631657000000150e+00
5.991138839999999988e+01 2.408757687000000036e+00
5.980537796000000128e+01 2.406685591000000013e+00
5.977832030999999802e+01 2.406097174000000116e+00
5.969981383999999736e+01 2.404401063999999977e+00
5.959467697000000186e+01 2.401874541999999835e+00
5.948995209000000273e+01 2.399084329999999987e+00
5.938563156000000021e+01 2.396029471999999938e+00
5.928171539000000223e+01 2.392711638999999835e+00
5.917819595000000277e+01 2.389128207999999809e+00
5.907506942999999922e+01 2.385215998000000059e+00
5.897233581999999785e+01 2.380864143000000155e+00
5.886997986000000083e+01 2.375962496000000090e+00
5.884972762999999674e+01 2.374870776999999933e+00
5.876804351999999909e+01 2.370478868000000183e+00
5.866650008999999955e+01 2.364612817999999894e+00
5.856533431999999806e+01 2.358624697000000214e+00
5.846455001999999723e+01 2.352754830999999935e+00
5.836412811000000289e+01 2.346625566000000163e+00
5.826406860000000165e+01 2.339075564999999912e+00
5.816440201000000343e+01 2.328905106000000114e+00
5.806520462000000293e+01 2.315077304999999974e+00
5.796660614000000322e+01 2.297990083999999822e+00
5.788933945000000136e+01 2.282847880999999912e+00
5.786863326999999657e+01 2.278792381000000145e+00
5.777124786000000256e+01 2.258613110000000201e+00
5.777124786000000256e+01 2.258613110000000201e+00
5.786843490999999773e+01 2.244515181000000137e+00
5.788961410999999657e+01 2.241502046999999997e+00
5.796598053000000306e+01 2.230657100999999809e+00
5.806402968999999814e+01 2.217291594000000199e+00
5.816267776000000111e+01 2.204692124999999780e+00
5.826187515000000161e+01 2.193053722000000150e+00
5.836156845000000004e+01 2.182355165000000152e+00
5.846170807000000025e+01 2.172545195000000096e+00
5.856229781999999773e+01 2.163569449999999783e+00
5.866334533999999934e+01 2.155385256000000194e+00
5.876483535999999930e+01 2.147958279000000026e+00
5.884821319999999645e+01 2.142474412999999966e+00
5.886676787999999760e+01 2.141256570999999997e+00
5.896915054000000112e+01 2.135247706999999995e+00
5.907194519000000099e+01 2.129849434000000041e+00
5.917515182000000351e+01 2.124982595000000085e+00
5.927876281999999719e+01 2.120566607000000214e+00
5.938278197999999719e+01 2.116531848999999799e+00
5.948720551000000256e+01 2.112826586000000173e+00
5.959204482999999897e+01 2.109399795999999938e+00
5.969729613999999884e+01 2.106200933000000219e+00
5.977787018000000074e+01 2.103909492000000103e+00
5.980297470000000004e+01 2.103199243999999801e+00
5.990910338999999851e+01 2.100373030000000085e+00
6.001565932999999831e+01 2.097680568999999995e+00
6.012264251999999942e+01 2.095101595000000039e+00
6.023006057999999996e+01 2.092626810000000059e+00
6.033792113999999884e+01 2.090247869000000147e+00
6.044623184000000293e+01 2.087958097000000013e+00
6.055499649000000062e+01 2.085758686000000139e+00
6.066421508999999901e+01 2.083654165000000003e+00
6.067674255000000016e+01 2.083425044999999809e+00
6.077392960000000244e+01 2.081661700999999809e+00
6.088411330999999649e+01 2.079776287000000057e+00
6.099477386000000223e+01 2.078005552000000034e+00
6.110590744000000285e+01 2.076357841000000093e+00
6.121753310999999798e+01 2.074842929999999974e+00
6.132964705999999921e+01 2.073468684999999923e+00
6.144225692999999922e+01 2.072243928999999873e+00
6.154727554000000112e+01 2.071253538000000116e+00
6.155537796000000128e+01 2.071178198000000137e+00
6.166903686999999934e+01 2.070290565000000083e+00
6.178320693999999946e+01 2.069570065000000181e+00
6.189790725999999665e+01 2.069021462999999894e+00
6.201313018999999827e+01 2.068645715999999801e+00
6.212889480999999847e+01 2.068442344999999793e+00
6.224520492999999988e+01 2.068411349999999871e+00
6.236206818000000141e+01 2.068549871000000095e+00
6.239183426000000310e+01 2.068626881000000139e+00
6.247950744999999984e+01 2.068866014000000142e+00
6.259752274000000227e+01 2.069347619999999832e+00
6.271611022999999818e+01 2.069984435999999928e+00
6.283527756000000153e+01 2.070770024999999848e+00
6.295503615999999880e+01 2.071697949999999899e+00
6.307538986000000136e+01 2.072762012000000098e+00
6.319635390999999913e+01 2.073956728000000194e+00
6.321263884999999760e+01 2.074133634999999920e+00
6.331795120000000310e+01 2.075290442000000013e+00
6.344017410000000012e+01 2.076746224999999946e+00
6.356302643000000074e+01 2.078318357000000116e+00
6.368651961999999855e+01 2.080002785000000021e+00
6.381065749999999781e+01 2.081798791999999843e+00
6.393545151000000004e+01 2.083706379000000108e+00
6.401163483000000554e+01 2.084933281000000083e+00
6.406092834000000380e+01 2.085733413999999897e+00
6.418708800999999653e+01 2.087885856999999845e+00
6.431393432999999504e+01 2.090157985999999912e+00
6.444147490999999661e+01 2.092555046000000196e+00
6.456971740999999554e+01 2.095082759999999933e+00
6.469866942999999537e+01 2.097748279999999799e+00
6.479050445999999397e+01 2.099738836000000219e+00
6.482836150999999347e+01 2.100563764999999972e+00
6.495879363999999612e+01 2.103542328000000072e+00
6.508998108000000116e+01 2.106678962999999793e+00
6.522191619999999546e+01 2.109979390999999982e+00
6.535461426000000529e+01 2.113445996999999910e+00
6.548809052000000008e+01 2.117080211999999850e+00
6.555069733000000554e+01 2.118853092000000160e+00
6.562235259999999926e+01 2.120890140999999840e+00
6.575742339999999331e+01 2.124867678000000204e+00
6.589329528999999752e+01 2.128997087000000121e+00
6.602996826000000397e+01 2.133265257000000137e+00
6.616746521000000314e+01 2.137651681999999997e+00
6.629310608000000116e+01 2.141724110000000181e+00
6.630577850000000240e+01 2.142136335000000003e+00
6.644492339999999331e+01 2.146703004999999997e+00
6.658490752999999529e+01 2.151301622000000080e+00
6.672573090000000207e+01 2.155895232999999855e+00
6.686740874999999562e+01 2.160439729999999781e+00
6.700997162000000174e+01 2.164888620000000152e+00
6.701816558999999529e+01 2.165134430000000165e+00
6.715344238000000132e+01 2.169208049999999943e+00
6.729784392999999909e+01 2.173333405999999801e+00
6.744318389999999397e+01 2.177212476999999868e+00
6.758950806000000000e+01 2.180798768999999915e+00
6.772720336999999802e+01 2.183832644999999850e+00
6.773683167000000083e+01 2.184046267999999902e+00
6.788517760999999950e+01 2.186930895000000152e+00
6.803456878999999446e+01 2.189410447999999842e+00
6.818502044999999612e+01 2.191462277999999930e+00
6.833654785000000231e+01 2.193083525000000034e+00
6.842218017999999802e+01 2.193753003999999951e+00
6.848917389000000355e+01 2.194286346000000165e+00
6.864291382000000397e+01 2.195097923000000062e+00
6.879777527000000248e+01 2.195555210000000201e+00
6.895377349999999694e+01 2.195707082999999837e+00
6.910428618999999628e+01 2.195609092999999845e+00
6.911093139999999835e+01 2.195605754999999881e+00
6.926924132999999983e+01 2.195321321000000214e+00
6.942868805000000521e+01 2.194916963999999915e+00
6.958929442999999537e+01 2.194473027999999992e+00
6.975106811999999934e+01 2.193879842999999941e+00
6.977353668000000653e+01 2.193733214999999959e+00
6.991390228000000207e+01 2.192841529999999928e+00
7.007775116000000537e+01 2.191210270000000016e+00
7.024250030999999694e+01 2.189244508999999894e+00
