7.071103668000000653e+01 2.364808320999999935e+00
7.070130156999999826e+01 2.365174294000000010e+00
7.058109283000000289e+01 2.369709015000000196e+00
7.045204162999999653e+01 2.374790191999999855e+00
7.032387543000000107e+01 2.380242824999999840e+00
7.019657897999999818e+01 2.386080980000000018e+00
7.007015228000000207e+01 2.392216444000000219e+00
6.994455718999999760e+01 2.398572682999999817e+00
6.992809296000000074e+01 2.399432181999999969e+00
6.981979370000000529e+01 2.405100822000000083e+00
6.969583129999999471e+01 2.411727427999999840e+00
6.957267760999999950e+01 2.418381691000000000e+00
6.945030212000000347e+01 2.424995184000000137e+00
6.932869719999999347e+01 2.431509494999999799e+00
6.920783996999999488e+01 2.437876700999999979e+00
6.913089752000000487e+01 2.441833496000000103e+00
6.908773041000000603e+01 2.444060086999999992e+00
6.896834563999999546e+01 2.450034856999999899e+00
6.884968566999999950e+01 2.455765963000000163e+00
6.873171997000000033e+01 2.461238145999999904e+00
6.861444855000000587e+01 2.466444731000000168e+00
6.849785613999999612e+01 2.471381663999999923e+00
6.838194274999999323e+01 2.476055383999999915e+00
6.830715942000000496e+01 2.478920936999999824e+00
6.826667786000000149e+01 2.480479240000000196e+00
6.815207671999999661e+01 2.484669446999999920e+00
6.803810882999999876e+01 2.488632441000000028e+00
6.792476653999999314e+01 2.492383956999999928e+00
6.781204986999999562e+01 2.495943068999999959e+00
6.769994354000000669e+01 2.499329567000000196e+00
6.758843994000000066e+01 2.502562045999999985e+00
6.747751617000000124e+01 2.505659103000000165e+00
6.745388794000000132e+01 2.506296634999999995e+00
6.736719512999999893e+01 2.508649349000000139e+00
6.725745392000000322e+01 2.511540650999999791e+00
6.714826965000000314e+01 2.514344931000000116e+00
6.703964996000000554e+01 2.517076254000000013e+00
6.693158721999999727e+01 2.519745111000000204e+00
6.682405853000000207e+01 2.522361039999999832e+00
6.671707152999999835e+01 2.524932145999999822e+00
6.661060333000000355e+01 2.527462959000000176e+00
6.656777191000000471e+01 2.528470993000000000e+00
6.650466919000000132e+01 2.529965878000000057e+00
6.639925384999999380e+01 2.532440661999999953e+00
6.629434204000000364e+01 2.534881829999999781e+00
6.618992615000000512e+01 2.537288903999999956e+00
6.608600615999999661e+01 2.539659976999999902e+00
6.598257445999999504e+01 2.541991234000000155e+00
6.587961577999999463e+01 2.544279336999999863e+00
6.577712250000000438e+01 2.546519040999999817e+00
6.567510222999999314e+01 2.548704863000000209e+00
6.564501952999999901e+01 2.549334049000000046e+00
6.557354736000000628e+01 2.550839663000000090e+00
6.547245789000000116e+01 2.552912711999999917e+00
6.537181090999999356e+01 2.554914951000000212e+00
6.527159118999999521e+01 2.556839942999999948e+00
6.517181395999999438e+01 2.558683156999999930e+00
6.507247162000000174e+01 2.560438632999999964e+00
6.497354126000000463e+01 2.562101602999999894e+00
6.487503051999999570e+01 2.563667773999999788e+00
6.477693175999999653e+01 2.565134286999999791e+00
6.468102263999999479e+01 2.566472769000000209e+00
6.467923736999999562e+01 2.566497802999999855e+00
6.458196259000000339e+01 2.567767858999999930e+00
6.448508452999999463e+01 2.568930863999999925e+00
6.438859558000000050e+01 2.569985389999999814e+00
6.429248809999999992e+01 2.570930719000000142e+00
6.419676207999999917e+01 2.571767568999999920e+00
6.410140991000000099e+01 2.572496891000000119e+00
6.400643157999999744e+01 2.573118925000000168e+00
6.391181182999999777e+01 2.573635578000000201e+00
6.381755446999999748e+01 2.574048041999999814e+00
6.372365951999999822e+01 2.574357510000000016e+00
6.367037201000000124e+01 2.574475764999999861e+00
6.363012314000000202e+01 2.574570416999999889e+00
6.353694153000000000e+01 2.574689627000000147e+00
6.344411087000000293e+01 2.574710845999999886e+00
6.335161590999999959e+01 2.574634552000000021e+00
6.325945663000000252e+01 2.574460982999999814e+00
6.316762923999999657e+01 2.574190617000000181e+00
6.307612990999999880e+01 2.573821783000000085e+00
6.298495482999999950e+01 2.573353051999999863e+00
6.289410019000000318e+01 2.572782039999999881e+00
6.280356215999999847e+01 2.572104691999999915e+00
6.271332931999999971e+01 2.571315049999999935e+00
6.262340927000000335e+01 2.570406913999999876e+00
6.260661696999999748e+01 2.570213317999999969e+00
6.253381729000000178e+01 2.569382429000000023e+00
6.244453048999999822e+01 2.568225861000000165e+00
6.235554123000000004e+01 2.566927433000000036e+00
6.226685714999999988e+01 2.565477609999999853e+00
6.217845535000000012e+01 2.563858032000000176e+00
6.209034728999999686e+01 2.562047957999999959e+00
6.200252151000000111e+01 2.560027837999999889e+00
6.191498184000000293e+01 2.557787895000000145e+00
6.182771682999999996e+01 2.555328131000000003e+00
6.174073029000000190e+01 2.552649735999999780e+00
6.165402222000000165e+01 2.549731255000000196e+00
6.156757736000000136e+01 2.546484232000000070e+00
6.148252869000000231e+01 2.542857170000000000e+00
6.148141097999999971e+01 2.542809485999999897e+00
6.139553451999999822e+01 2.538630486000000186e+00
6.130992507999999930e+01 2.534037828000000214e+00
6.122458649000000008e+01 2.529261827000000018e+00
6.113951492000000343e+01 2.524529696000000101e+00
6.105469131000000260e+01 2.519748687999999959e+00
6.097011948000000103e+01 2.513971090000000075e+00
6.088582992999999988e+01 2.506116152000000152e+00
6.080190276999999810e+01 2.495181322000000090e+00
6.071846390000000326e+01 2.481308937000000103e+00
6.063552475000000186e+01 2.465512276000000114e+00
6.055300522000000285e+01 2.448796987999999786e+00
6.055300522000000285e+01 2.448796987999999786e+00
6.063526534999999740e+01 2.435743331999999928e+00
6.071780395999999769e+01 2.423017501999999990e+00
6.080077743999999740e+01 2.410975933000000015e+00
6.088426590000000260e+01 2.399991750999999951e+00
6.096818541999999752e+01 2.390224456999999969e+00
6.105246352999999715e+01 2.381499767000000212e+00
6.113706206999999893e+01 2.373612404000000176e+00
6.122197341999999765e+01 2.366370201000000062e+00
6.130720519999999851e+01 2.359718323000000062e+00
6.139274979000000343e+01 2.353656769000000093e+00
6.147860336000000103e+01 2.348184824000000059e+00
6.148071288999999950e+01 2.348064422999999845e+00
6.156477355999999901e+01 2.343282700000000052e+00
6.165123748999999975e+01 2.338866471999999863e+00
6.173798751999999723e+01 2.334854363999999904e+00
6.182501984000000306e+01 2.331170081999999866e+00
6.191233444000000219e+01 2.327764033999999871e+00
6.199993514999999888e+01 2.324597119999999961e+00
6.208782195999999942e+01 2.321628571000000196e+00
6.217599869000000012e+01 2.318825482999999910e+00
6.226446533000000017e+01 2.316163777999999951e+00
6.235322951999999930e+01 2.313618898000000090e+00
6.244228362999999860e+01 2.311169624000000145e+00
6.253164291000000219e+01 2.308808803999999881e+00
6.260565186000000182e+01 2.306927680999999897e+00
6.262130736999999669e+01 2.306532144999999812e+00
6.271130371000000281e+01 2.304341792999999861e+00
6.280160904000000244e+01 2.302229642999999992e+00
6.289223099000000161e+01 2.300199747000000183e+00
6.298317337000000293e+01 2.298255919999999897e+00
6.307443236999999669e+01 2.296404122999999853e+00
6.316601943999999946e+01 2.294651747000000075e+00
6.325793457000000330e+01 2.293006897000000155e+00
6.335018539000000004e+01 2.291476965000000199e+00
6.344277190999999760e+01 2.290069341999999786e+00
6.353570175000000120e+01 2.288790940999999801e+00
6.362897490999999661e+01 2.287648678000000046e+00
6.367032623000000058e+01 2.287205696000000010e+00
6.372261046999999934e+01 2.286652327000000096e+00
6.381661223999999777e+01 2.285805224999999830e+00
6.391096877999999748e+01 2.285104512999999837e+00
6.400569152999999289e+01 2.284551143999999923e+00
6.410078430000000083e+01 2.284144163000000116e+00
6.419624328999999818e+01 2.283882855999999961e+00
6.429208373999999537e+01 2.283765316000000212e+00
6.438829803000000140e+01 2.283787011999999894e+00
6.448490906000000678e+01 2.283944130000000072e+00
6.458191680999999562e+01 2.284232139999999855e+00
6.467931366000000537e+01 2.284645557000000160e+00
6.468205260999999950e+01 2.284660339000000207e+00
6.477712250000000438e+01 2.285190581999999804e+00
6.487535094999999785e+01 2.285850763000000008e+00
6.497399138999999479e+01 2.286619901999999982e+00
6.507305144999999413e+01 2.287493705999999793e+00
6.517253875999999480e+01 2.288467884000000119e+00
6.527244568000000413e+01 2.289539336999999897e+00
6.537278747999999950e+01 2.290706157999999881e+00
6.547357940999999926e+01 2.291966915000000160e+00
6.557481384000000446e+01 2.293320893999999832e+00
6.564720153999999752e+01 2.294352055000000057e+00
6.567651367000000562e+01 2.294773102000000176e+00
6.577867125999999587e+01 2.296329737000000204e+00
6.588130187999999521e+01 2.297985553999999819e+00
6.598440551999999570e+01 2.299744605999999969e+00
6.608798217999999736e+01 2.301611185000000059e+00
6.619204711999999802e+01 2.303590058999999801e+00
6.629660796999999661e+01 2.305686473999999819e+00
6.640166472999999314e+01 2.307904719999999799e+00
6.650722503999999446e+01 2.310249567000000059e+00
6.657111358999999595e+01 2.311740637000000209e+00
6.661330413999999678e+01 2.312730311999999788e+00
6.671991730000000587e+01 2.315350770999999863e+00
6.682704925999999546e+01 2.318103552000000178e+00
6.693470763999999917e+01 2.320987225000000098e+00
6.704292297000000644e+01 2.323996543999999886e+00
6.715167236000000628e+01 2.327124595999999990e+00
6.726097869999999546e+01 2.330360889000000046e+00
6.737084197999999446e+01 2.333689928000000080e+00
6.745816802999999595e+01 2.336382866000000114e+00
6.748126220999999703e+01 2.337097645000000057e+00
6.759226990000000512e+01 2.340568542000000196e+00
6.770383452999999463e+01 2.344065427999999951e+00
6.781596374999999455e+01 2.347558975000000103e+00
6.792868805000000521e+01 2.351015567999999778e+00
6.804199219000000198e+01 2.354399443000000147e+00
6.815590668000000107e+01 2.357671975999999781e+00
6.827043915000000140e+01 2.360794782999999786e+00
6.831128692999999430e+01 2.361833810999999894e+00
6.838560486000000083e+01 2.363734721999999788e+00
6.850143432999999504e+01 2.366449355999999948e+00
6.861791992000000562e+01 2.368897200000000147e+00
6.873509215999999356e+01 2.371043444000000111e+00
6.885296630999999934e+01 2.372862100999999946e+00
6.897154998999999975e+01 2.374330521000000083e+00
6.909085846000000686e+01 2.375435829000000165e+00
6.913423919999999612e+01 2.375701904000000031e+00
6.921090698000000430e+01 2.376184464000000052e+00
6.933170318999999893e+01 2.376577139000000116e+00
6.945325470000000223e+01 2.376632690000000103e+00
6.957556915000000686e+01 2.376382351000000170e+00
6.969866179999999645e+01 2.375860928999999899e+00
6.982253264999999942e+01 2.375107288000000150e+00
6.993077850000000240e+01 2.374289751000000059e+00
6.994718933000000050e+01 2.374168634000000111e+00
7.007262421000000074e+01 2.373117684999999977e+00
7.019883728000000644e+01 2.371996640999999961e+00
7.032585907000000702e+01 2.370713711000000057e+00
7.045359039000000223e+01 2.369083643000000183e+00
7.058200836000000322e+01 2.367054938999999969e+00
7.070137024000000281e+01 2.364975214000000214e+00
7.071103668000000653e+01 2.364808320999999935e+00
