6.873756409000000644e+01 1.380425691999999982e+00
6.831021880999999496e+01 1.402567625000000096e+00
6.828591156000000240e+01 1.403734446000000080e+00
6.788433838000000264e+01 1.423042297000000067e+00
6.745975493999999628e+01 1.440401672999999994e+00
6.703649901999999372e+01 1.455066799999999994e+00
6.661457824999999389e+01 1.468506335999999912e+00
6.619400786999999298e+01 1.481611489999999920e+00
6.606531524999999760e+01 1.485552906999999978e+00
6.577492522999999380e+01 1.494514703999999972e+00
6.535726929000000496e+01 1.507260561000000054e+00
6.494101714999999331e+01 1.519913077000000001e+00
6.452615355999999736e+01 1.532538890999999959e+00
6.411273192999999537e+01 1.545102119000000052e+00
6.395730591000000231e+01 1.549766302000000096e+00
6.370080566000000033e+01 1.557521581999999905e+00
6.329037094000000252e+01 1.569700359999999906e+00
6.288140869000000066e+01 1.581555723999999996e+00
6.247392272999999818e+01 1.593019366000000048e+00
6.206793976000000157e+01 1.604031444000000084e+00
6.195801163000000145e+01 1.606874584999999911e+00
6.166350555000000355e+01 1.614537953999999997e+00
6.126061248999999975e+01 1.624490261000000046e+00
6.085927199999999715e+01 1.633862375999999950e+00
6.045949553999999893e+01 1.642639041000000022e+00
6.006226730000000202e+01 1.650807858000000072e+00
6.006129837000000293e+01 1.650827765000000058e+00
5.966470718000000062e+01 1.658414720999999981e+00
5.926973343000000227e+01 1.665419698000000004e+00
5.887639235999999698e+01 1.671843886000000001e+00
5.848470687999999740e+01 1.677694677999999939e+00
5.826490021000000041e+01 1.680679679000000037e+00
5.809467697000000186e+01 1.682980179999999937e+00
5.770631790000000194e+01 1.687721132999999929e+00
5.731967163000000198e+01 1.691978455000000103e+00
5.693475341999999983e+01 1.695797562999999952e+00
5.656080245999999789e+01 1.699141025999999943e+00
5.655158614999999855e+01 1.699222564999999907e+00
5.617013931000000326e+01 1.702262520999999973e+00
5.579048156999999719e+01 1.705005287999999952e+00
5.541263579999999678e+01 1.707498908000000037e+00
5.503662108999999703e+01 1.709792495000000079e+00
5.494476318000000248e+01 1.710316777000000066e+00
5.466242980999999901e+01 1.711907982999999911e+00
5.429009628000000021e+01 1.713899612000000072e+00
5.391965866000000318e+01 1.715807676000000059e+00
5.355113602000000128e+01 1.717658161999999988e+00
5.341162108999999703e+01 1.718345164999999897e+00
5.318452453999999818e+01 1.719453216000000007e+00
5.281985473999999670e+01 1.721215010000000101e+00
5.245716858000000116e+01 1.722960113999999932e+00
5.209648895000000124e+01 1.724689364000000058e+00
5.195658492999999822e+01 1.725355506000000094e+00
5.173780441000000252e+01 1.726389646999999972e+00
5.138114548000000070e+01 1.728056550000000025e+00
5.102656173999999822e+01 1.729686617999999898e+00
5.067407607999999897e+01 1.731266618000000035e+00
5.057520293999999694e+01 1.731691957000000004e+00
5.032366180000000355e+01 1.732761741000000022e+00
4.997536850000000186e+01 1.734160303999999986e+00
4.962924194000000000e+01 1.735445976000000057e+00
4.928530502000000268e+01 1.736593961999999935e+00
4.926330566000000033e+01 1.736657738999999978e+00
4.894351196000000215e+01 1.737556695999999956e+00
4.860394669000000079e+01 1.738327979999999995e+00
4.826664352000000235e+01 1.738883017999999892e+00
4.801712418000000326e+01 1.739119410999999893e+00
4.793160248000000223e+01 1.739189982000000079e+00
4.759879683999999855e+01 1.739210248000000014e+00
4.726832198999999690e+01 1.738936542999999890e+00
4.694020843999999926e+01 1.738344072999999934e+00
4.683330535999999711e+01 1.738043070000000023e+00
4.661440659000000153e+01 1.737391829000000110e+00
4.629097365999999880e+01 1.736063837999999970e+00
4.596997069999999752e+01 1.734344125000000014e+00
4.570881270999999657e+01 1.732598901000000025e+00
4.565140914999999922e+01 1.732205749000000017e+00
4.533521652000000302e+01 1.729614973000000111e+00
4.502153397000000012e+01 1.726566314999999907e+00
4.471039581000000140e+01 1.723037719999999995e+00
4.464073180999999835e+01 1.722134113000000077e+00
4.440169525000000306e+01 1.719000577999999946e+00
4.409555053999999785e+01 1.714442967999999956e+00
4.379201889000000136e+01 1.709345936999999926e+00
4.362638092000000256e+01 1.706237197000000094e+00
4.349105835000000297e+01 1.703686357000000040e+00
4.319265747000000033e+01 1.697445035000000102e+00
4.289695739999999802e+01 1.690601468000000107e+00
4.266319656000000293e+01 1.684641956999999968e+00
4.260394669000000079e+01 1.683130980000000054e+00
4.231351470999999975e+01 1.675011634999999943e+00
4.202586364999999802e+01 1.666218758000000078e+00
4.174879073999999690e+01 1.656988740000000071e+00
4.174101638999999864e+01 1.656730413000000013e+00
4.145877457000000277e+01 1.646527767000000031e+00
4.117940903000000219e+01 1.635589361000000075e+00
4.090297317999999649e+01 1.623895287999999937e+00
4.088112639999999942e+01 1.622894763999999990e+00
4.062922286999999955e+01 1.611406206999999924e+00
4.035841751000000244e+01 1.598095774999999996e+00
4.009061432000000025e+01 1.583946108999999991e+00
4.005844878999999992e+01 1.582117318999999966e+00
3.982556152000000083e+01 1.568933367999999939e+00
3.956351852000000235e+01 1.553084254000000053e+00
3.930456161000000037e+01 1.536422372000000092e+00
3.927859115999999773e+01 1.534639239000000099e+00
3.904839324999999661e+01 1.518893123000000012e+00
3.879533004999999690e+01 1.500449061000000084e+00
3.854542923000000343e+01 1.481008171999999901e+00
3.853961563000000012e+01 1.480522155999999923e+00
3.829833983999999703e+01 1.460397720000000010e+00
3.805446243000000095e+01 1.438717841999999969e+00
3.783976745999999736e+01 1.418689250999999985e+00
3.781379317999999756e+01 1.416270614000000094e+00
3.757602691999999678e+01 1.393298149000000041e+00
3.734156799000000149e+01 1.370214223999999925e+00
3.717745209000000273e+01 1.353770375000000081e+00
3.711034011999999649e+01 1.347051262999999999e+00
3.688216400000000306e+01 1.322953223999999928e+00
3.665740966999999983e+01 1.297086834999999994e+00
3.655149459999999806e+01 1.283447385000000107e+00
3.643587875000000054e+01 1.268517971000000077e+00
3.621765518000000128e+01 1.236545562999999959e+00
3.600313186999999715e+01 1.201640368000000070e+00
3.596195220999999975e+01 1.194451928000000107e+00
3.579208754999999798e+01 1.164730191000000081e+00
3.558510590000000207e+01 1.126909613999999893e+00
3.541305160999999657e+01 1.094829201999999890e+00
3.538265991000000099e+01 1.089150905999999974e+00
3.538265991000000099e+01 1.089150905999999974e+00
3.541389084000000054e+01 1.085745214999999986e+00
3.558711624000000029e+01 1.066761612999999942e+00
3.579442978000000153e+01 1.044483422999999966e+00
3.597103881999999686e+01 1.026198983000000009e+00
3.600487136999999649e+01 1.022679566999999956e+00
3.621841431000000000e+01 1.001621485000000034e+00
3.643565369000000231e+01 9.819156528000000383e-01
3.656112671000000347e+01 9.715850949000000014e-01
3.665638350999999773e+01 9.637067317999999938e-01
3.688054275999999732e+01 9.467759131999999855e-01
3.710835647999999765e+01 9.309693574999999832e-01
3.718772125000000273e+01 9.258123635999999657e-01
3.733945465000000041e+01 9.158864616999999875e-01
3.757392120000000091e+01 9.013406038000000287e-01
3.781183623999999810e+01 8.874177336999999888e-01
3.785171890000000161e+01 8.852241634999999942e-01
3.805277634000000120e+01 8.740713596000000418e-01
3.829696655000000050e+01 8.615313768000000261e-01
3.854442215000000260e+01 8.499207496999999778e-01
3.855379486000000355e+01 8.495177030999999657e-01
3.879471970000000169e+01 8.390393852999999957e-01
3.904819107000000145e+01 8.289946317999999925e-01
3.929505539000000169e+01 8.200688957999999751e-01
3.930479050000000285e+01 8.197119832000000494e-01
3.956415176000000145e+01 8.109382987000000043e-01
3.982659531000000186e+01 8.028256892999999783e-01
4.007698441000000145e+01 7.957653403000000125e-01
4.009206008999999682e+01 7.953321934000000537e-01
4.036024857000000310e+01 7.882413268000000306e-01
4.063142014000000302e+01 7.817125915999999508e-01
4.090135192999999703e+01 7.758037448000000280e-01
4.090554046999999827e+01 7.757098078999999924e-01
4.118231200999999686e+01 7.699905634000000498e-01
4.146199036000000149e+01 7.647290230000000077e-01
4.174455260999999950e+01 7.599012255999999521e-01
4.177012253000000186e+01 7.595002651000000160e-01
4.202973556999999971e+01 7.552927136000000541e-01
4.231771850999999884e+01 7.510686517000000340e-01
4.260847855000000095e+01 7.472355365999999721e-01
4.268543242999999876e+01 7.463175058000000028e-01
4.290184401999999864e+01 7.436255216999999584e-01
4.319788742000000070e+01 7.403442860000000181e-01
4.349663162000000227e+01 7.374477982999999570e-01
4.364952468999999979e+01 7.361559868000000506e-01
4.379795837000000347e+01 7.348290085999999999e-01
4.410184479000000124e+01 7.324942349999999935e-01
4.440835189999999955e+01 7.305631637999999706e-01
4.466478728999999959e+01 7.292903066000000489e-01
4.471742629999999963e+01 7.290040254999999858e-01
4.502894211000000269e+01 7.276784777999999454e-01
4.534299850000000021e+01 7.267819047000000365e-01
4.565957642000000050e+01 7.263185382000000301e-01
4.573377608999999921e+01 7.262982129999999703e-01
4.597853469999999731e+01 7.261199354999999800e-01
4.629993057000000078e+01 7.263123988999999892e-01
4.662376785000000012e+01 7.269462346999999713e-01
4.685918427000000008e+01 7.277022003999999988e-01
4.694998932000000025e+01 7.279525995000000194e-01
4.727851867999999769e+01 7.292283176999999617e-01
4.760941315000000174e+01 7.309249639999999548e-01
4.794264984000000140e+01 7.330257892999999525e-01
4.804391860999999864e+01 7.337619662000000043e-01
4.827813339000000070e+01 7.353568673000000500e-01
4.861588669000000351e+01 7.379888296000000070e-01
4.895590210000000297e+01 7.409639955000000278e-01
4.929106522000000012e+01 7.441854476999999468e-01
4.929816437000000207e+01 7.442502975000000465e-01
4.964256286999999901e+01 7.476025819999999600e-01
4.998916245000000202e+01 7.512157559000000040e-01
5.033793639999999669e+01 7.550583481999999513e-01
5.060393143000000293e+01 7.581132649999999806e-01
5.068883895999999822e+01 7.590456008999999504e-01
5.104181670999999909e+01 7.630320787000000049e-01
5.139690018000000293e+01 7.671664356999999823e-01
5.175405502000000268e+01 7.714277506000000173e-01
5.198630905000000269e+01 7.742435932000000243e-01
5.211325072999999719e+01 7.757148147000000327e-01
5.247444153000000000e+01 7.799463867999999467e-01
5.283764267000000103e+01 7.842716575000000523e-01
5.320283126999999723e+01 7.886894344999999529e-01
5.344235229000000231e+01 7.916291356000000334e-01
5.356996155000000215e+01 7.931236028999999466e-01
5.393900298999999876e+01 7.975199818999999524e-01
5.430995940999999760e+01 8.020565509999999509e-01
5.468281173999999822e+01 8.067688941999999752e-01
5.497646332000000058e+01 8.106298446999999907e-01
5.505752563000000066e+01 8.116487861000000192e-01
5.543404387999999727e+01 8.166062236000000141e-01
5.581238556000000273e+01 8.218833208000000390e-01
5.619251632999999657e+01 8.275343776000000373e-01
5.657440566999999731e+01 8.336623907000000333e-01
5.659328079000000145e+01 8.339927793000000422e-01
5.695797347999999971e+01 8.401832581000000522e-01
5.734322739000000269e+01 8.474797010000000297e-01
5.773013687000000260e+01 8.557295203000000461e-01
5.811865233999999703e+01 8.651025891000000412e-01
5.829711913999999950e+01 8.699514270000000549e-01
5.850871657999999798e+01 8.756414056000000334e-01
5.890028380999999769e+01 8.875234722999999493e-01
5.929334640999999806e+01 9.009826778999999730e-01
5.968789672999999851e+01 9.161018132999999564e-01
6.008393860000000331e+01 9.329429269000000247e-01
6.009154129000000211e+01 9.332922697000000101e-01
6.048147201999999822e+01 9.512763618999999782e-01
6.088051604999999711e+01 9.709151387000000133e-01
6.128107071000000161e+01 9.915164708999999466e-01
6.168315125000000165e+01 1.012754678999999935e+00
6.198192595999999810e+01 1.028673052999999893e+00
6.208677672999999686e+01 1.034290909999999952e+00
6.249197388000000331e+01 1.055818676999999983e+00
6.289870453000000339e+01 1.077126145000000035e+00
6.330695343000000008e+01 1.097977399999999992e+00
6.371670913999999897e+01 1.118218302999999914e+00
6.397567749000000248e+01 1.130467534000000107e+00
6.412798309000000074e+01 1.137712955000000026e+00
6.454077148000000363e+01 1.156460642999999955e+00
6.495498657000000264e+01 1.174550055999999953e+00
6.537059784000000207e+01 1.192160367999999915e+00
6.578757477000000620e+01 1.209634423000000014e+00
6.607811737000000107e+01 1.221889972999999907e+00
6.620589447000000405e+01 1.227316856000000067e+00
6.662551116999999579e+01 1.245485662999999965e+00
6.704627990999999554e+01 1.264500380000000090e+00
6.746817780000000653e+01 1.286044358999999915e+00
6.789082335999999884e+01 1.312688351000000031e+00
6.828926848999999777e+01 1.343136429999999937e+00
6.831401825000000372e+01 1.345039963999999921e+00
6.873756409000000644e+01 1.380425691999999982e+00
